1000
1080
3200
3300
3600
3900
5000
5010
5020
5030
5040
5050
5060
5070
5080
5090
5100
5110
5120
5130
5140
5170
5160
5150
5190
5180
5200
5220
5210
5230
5240
5260
5250
5270
5280
5290
5310
5300
5320
5340
5330
5350
5360
5370
5380
5390
5400
5420
5410
5430
5450
5440
5480
5460
5490
5470
5500
5510
5520
5530
5550
5560
5540
5570
5580
5590
5600
5620
5610
5630
5640
5650
5670
5660
5680
5690
5700
5710
5730
5720
5740
5750
5760
5770
5780
5800
5810
5790
5820
5830
5850
5840
5860
5870
5890
5880
5900
5910
5920
5930
5950
5940
5960
5970
5990
5980
6000
8000
8080
8090
8100
8530
9000
9100
